------------------------------------------
Sum:
Real: 708.415
User: 2815.292
Sys: 0.028
Total: 3523.735
------------------------------------------
Average:
Real: 23.6138333333
User: 93.8430666667
Sys: 0.000933333333333
Total: 117.457833333
------------------------------------------
Variance:
Real: 4.83811938506
User: 81.8540763402
Sys: 6.27126436782e-06
Total: 126.462558282
------------------------------------------
Standard Deviation:
Real: 2.19957254599
User: 9.04732426413
Sys: 0.00250424926232
Total: 11.2455572686
------------------------------------------
