------------------------------------------
Sum:
Real: 735.842
User: 2888.996
Sys: 49.868
Total: 3674.706
------------------------------------------
Average:
Real: 24.5280666667
User: 96.2998666667
Sys: 1.66226666667
Total: 122.4902
------------------------------------------
Variance:
Real: 4.4868959954
User: 63.5487001195
Sys: 3.17362282299
Total: 112.15498451
------------------------------------------
Standard Deviation:
Real: 2.11822944824
User: 7.97174385687
Sys: 1.78146648102
Total: 10.5903250427
------------------------------------------
